element,ion_stage,species,wavelength_nm,observed_nm,ritz_nm,wavelength_medium,intensity,intensity_raw,Aki,accuracy,Ei_cm-1,Ek_cm-1,conf_i,term_i,J_i,conf_k,term_k,J_k
Ag,2,Ag II,193.349455,193.349455,193.349457,vacuum,22000.0,22000,23000000.0,C+,39168.0177,90887.8423,4d9.(2D<5/2>).5s,2[5/2],3,4d9.(2D<3/2>).5p,2[3/2]*,2
Ag,2,Ag II,199.431719,199.431719,199.431719,vacuum,140000.0,140000,40800000.0,B+,40745.3671,90887.8423,4d9.(2D<5/2>).5s,2[5/2],2,4d9.(2D<3/2>).5p,2[3/2]*,2
Ag,2,Ag II,200.068462,200.068462,200.068449,air,40000.0,40000,17500000.0,B+,39168.0177,89134.7240,4d9.(2D<5/2>).5s,2[5/2],3,4d9.(2D<3/2>).5p,2[5/2]*,3
Ag,2,Ag II,201.590481,201.590481,201.590491,air,34000.0,34000,37000000.0,C+,40745.3671,90334.8716,4d9.(2D<5/2>).5s,2[5/2],2,4d9.(2D<3/2>).5p,2[1/2]*,1
Ag,2,Ag II,203.39268,203.39268,203.392686,air,38000.0,38000,24000000.0,B,40745.3671,89895.5377,4d9.(2D<5/2>).5s,2[5/2],2,4d9.(2D<3/2>).5p,2[3/2]*,1
Ag,1,Ag I,206.1162,206.1162,206.116209,air,200.0,200,3100000.0,D,0.000000,48500.8105,4d10.5s,2S,1/2,4d10.6p,2P*,3/2
Ag,2,Ag II,206.591011,206.591011,206.591012,air,120000.0,120000,47000000.0,B+,40745.3671,89134.7240,4d9.(2D<5/2>).5s,2[5/2],2,4d9.(2D<3/2>).5p,2[5/2]*,3
Ag,1,Ag I,206.9844,206.9844,206.98438,air,100.0,100,1500000.0,D,0.000000,48297.406,4d10.5s,2S,1/2,4d10.6p,2P*,1/2
Ag,2,Ag II,207.554292,207.554292,207.554294,air,36000.0,36000,120000000.0,D+,83625.5147,131790.3202,4d9.(2D<5/2>).5p,2[3/2]*,1,4d9.(2D<3/2>).5d,2[3/2],2
Ag,2,Ag II,209.489,209.489,209.488826,air,800.0,800:,480000.0,D+,39168.0177,86888.0990,4d9.(2D<5/2>).5s,2[5/2],3,4d9.(2D<3/2>).5p,2[5/2]*,2
Ag,2,Ag II,211.14,211.14,211.139639,air,4100.0,4100,10000000.0,B,80176.4601,127523.4831,4d9.(2D<5/2>).5p,2[3/2]*,2,4d9.(2D<5/2>).5d,2[5/2],2
Ag,2,Ag II,211.38249,211.38249,211.382492,air,530000.0,530000,301000000.0,A,39168.0177,86460.6511,4d9.(2D<5/2>).5s,2[5/2],3,4d9.(2D<5/2>).5p,2[5/2]*,3
Ag,2,Ag II,212.04402,212.04402,212.044026,air,220000.0,220000,119000000.0,B+,43742.7348,90887.8423,4d9.(2D<3/2>).5s,2[3/2],1,4d9.(2D<3/2>).5p,2[3/2]*,2
Ag,2,Ag II,212.079683,212.079683,212.079682,air,6900.0,6900,150000000.0,D+,83625.5147,130762.6969,4d9.(2D<5/2>).5p,2[3/2]*,1,4d9.(2D<3/2>).5d,2[1/2],1
Ag,2,Ag II,212.542019,212.542019,212.542016,air,66000.0,66000,147000000.0,B+,80176.4601,127211.1186,4d9.(2D<5/2>).5p,2[3/2]*,2,4d9.(2D<5/2>).5d,2[5/2],3
Ag,2,Ag II,212.903277,212.903277,212.903279,air,64000.0,64000,76000000.0,D+,85200.7563,132155.6138,4d9.(2D<5/2>).5p,2[5/2]*,2,4d9.(2D<3/2>).5d,2[5/2],2
Ag,2,Ag II,214.553095,214.553095,214.553088,air,6000.0,6000,130000000.0,D+,80176.4601,126770.2987,4d9.(2D<5/2>).5p,2[3/2]*,2,4d9.(2D<5/2>).5d,2[3/2],1
Ag,2,Ag II,214.56092,214.56092,214.560925,air,390000.0,390000,378000000.0,B+,43742.7348,90334.8716,4d9.(2D<3/2>).5s,2[3/2],1,4d9.(2D<3/2>).5p,2[1/2]*,1
Ag,2,Ag II,214.570735,214.570735,214.57073,air,75000.0,75000,520000000.0,C,80176.4601,126766.4681,4d9.(2D<5/2>).5p,2[3/2]*,2,4d9.(2D<5/2>).5d,2[3/2],2
Ag,2,Ag II,216.60359,216.60359,216.603582,air,22000.0,22000,170000000.0,D+,43742.7348,89895.5377,4d9.(2D<3/2>).5s,2[3/2],1,4d9.(2D<3/2>).5p,2[3/2]*,1
Ag,2,Ag II,216.650867,216.650867,216.650863,air,150000.0,150000,60000000.0,B,40745.3671,86888.0990,4d9.(2D<5/2>).5s,2[5/2],2,4d9.(2D<3/2>).5p,2[5/2]*,2
Ag,2,Ag II,217.078958,217.078958,217.078956,air,84000.0,84000,160000000.0,C,85200.7563,131252.5017,4d9.(2D<5/2>).5p,2[5/2]*,2,4d9.(2D<3/2>).5d,2[7/2],3
Ag,2,Ag II,217.16858,217.16858,217.168597,air,28000.0,28000,3900000.0,E,39168.0177,85200.7563,4d9.(2D<5/2>).5s,2[5/2],3,4d9.(2D<5/2>).5p,2[5/2]*,2
Ag,2,Ag II,218.676813,218.676813,218.676813,air,210000.0,210000,72700000.0,A,40745.3671,86460.6511,4d9.(2D<5/2>).5s,2[5/2],2,4d9.(2D<5/2>).5p,2[5/2]*,3
Ag,2,Ag II,220.016534,,220.016534,air,,,3000000.0,E,82171.7320,127608.6762,4d9.(2D<5/2>).5p,2[7/2]*,3,4d9.(2D<5/2>).5d,2[7/2],4
Ag,2,Ag II,220.203376,220.203376,220.203378,air,120000.0,120000,670000000.0,C,80176.4601,125574.8546,4d9.(2D<5/2>).5p,2[3/2]*,2,4d9.(2D<5/2>).5d,2[1/2],1
Ag,2,Ag II,220.355651,220.355651,220.355647,air,63000.0,63000,210000000.0,D+,86140.0853,131507.1120,4d9.(2D<3/2>).5p,2[1/2]*,0,4d9.(2D<3/2>).5d,2[3/2],1
Ag,2,Ag II,220.429872,220.429872,220.429876,air,26000.0,26000,56000000.0,C+,82171.7320,127523.4831,4d9.(2D<5/2>).5p,2[7/2]*,3,4d9.(2D<5/2>).5d,2[5/2],2
Ag,2,Ag II,220.587431,220.587431,220.587428,air,120000.0,120000,250000000.0,C,82171.7320,127491.0946,4d9.(2D<5/2>).5p,2[7/2]*,3,4d9.(2D<5/2>).5d,2[7/2],3
Ag,2,Ag II,220.840105,220.840105,220.840106,air,160000.0,160000,190000000.0,D+,86888.0990,132155.6138,4d9.(2D<3/2>).5p,2[5/2]*,2,4d9.(2D<3/2>).5d,2[5/2],2
Ag,2,Ag II,221.031012,221.031012,221.031008,air,2000.0,2000,3000000.0,B+,80176.4601,125404.8818,4d9.(2D<5/2>).5p,2[3/2]*,2,4d9.(2D<3/2>).6s,2[3/2],2
Ag,2,Ag II,221.95879,221.95879,221.958792,air,34000.0,34000,73000000.0,B+,82171.7320,127211.1186,4d9.(2D<5/2>).5p,2[7/2]*,3,4d9.(2D<5/2>).5d,2[5/2],3
Ag,2,Ag II,222.400468,,222.400468,air,,,4000000.0,D,80176.4601,125126.4097,4d9.(2D<5/2>).5p,2[3/2]*,2,4d9.(2D<3/2>).6s,2[3/2],1
Ag,2,Ag II,222.600217,222.600217,222.600217,air,35000.0,35000,610000000.0,B,83625.5147,128535.1327,4d9.(2D<5/2>).5p,2[3/2]*,1,4d9.(2D<5/2>).5d,2[1/2],0
Ag,2,Ag II,222.951924,222.951924,222.951923,air,520000.0,520000,209000000.0,B+,46049.0620,90887.8423,4d9.(2D<3/2>).5s,2[3/2],2,4d9.(2D<3/2>).5p,2[3/2]*,2
Ag,2,Ag II,224.032094,224.032094,224.032091,air,34000.0,34000,190000000.0,D+,86140.0853,130762.6969,4d9.(2D<3/2>).5p,2[1/2]*,0,4d9.(2D<3/2>).5d,2[1/2],1
Ag,2,Ag II,224.05016,224.05016,224.050161,air,6900.0,6900,42000000.0,D+,86888.0990,131507.1120,4d9.(2D<3/2>).5p,2[5/2]*,2,4d9.(2D<3/2>).5d,2[3/2],1
Ag,2,Ag II,224.172134,224.172134,224.172144,air,10000.0,10000,47000000.0,D+,82171.7320,126766.4681,4d9.(2D<5/2>).5p,2[7/2]*,3,4d9.(2D<5/2>).5d,2[3/2],2
Ag,2,Ag II,224.344841,224.344841,224.344833,air,2400000.0,2400000,430000000.0,D+,89895.5377,134455.9504,4d9.(2D<3/2>).5p,2[3/2]*,1,4d9.(2D<3/2>).5d,2[1/2],0
Ag,2,Ag II,224.610652,224.610652,224.610646,air,110000.0,110000,710000000.0,C,82171.7320,126679.4151,4d9.(2D<5/2>).5p,2[7/2]*,3,4d9.(2D<5/2>).5d,2[9/2],4
Ag,2,Ag II,224.641186,224.641186,224.641194,air,900000.0,900000,391000000.0,A,39168.0177,83669.6491,4d9.(2D<5/2>).5s,2[5/2],3,4d9.(2D<5/2>).5p,2[7/2]*,4
Ag,2,Ag II,224.874892,224.874892,224.874886,air,460000.0,460000,257000000.0,B+,40745.3671,85200.7563,4d9.(2D<5/2>).5s,2[5/2],2,4d9.(2D<5/2>).5p,2[5/2]*,2
Ag,2,Ag II,225.336127,225.336127,225.336124,air,130000.0,130000,560000000.0,C,86888.0990,131252.5017,4d9.(2D<3/2>).5p,2[5/2]*,2,4d9.(2D<3/2>).5d,2[7/2],3
Ag,2,Ag II,225.734,225.734,225.736061,air,4600.0,4600,220000000.0,D+,46049.0620,90334.8716,4d9.(2D<3/2>).5s,2[3/2],2,4d9.(2D<3/2>).5p,2[1/2]*,1
Ag,2,Ag II,226.57893,226.57893,226.57895,air,11000.0,11000,190000000.0,D+,90334.8716,134455.9504,4d9.(2D<3/2>).5p,2[1/2]*,1,4d9.(2D<3/2>).5d,2[1/2],0
Ag,2,Ag II,227.517818,227.517818,227.517817,air,120000.0,120000,216000000.0,B+,83669.6491,127608.6762,4d9.(2D<5/2>).5p,2[7/2]*,4,4d9.(2D<5/2>).5d,2[7/2],4
Ag,2,Ag II,227.730636,227.730636,227.730639,air,41000.0,41000,150000000.0,B+,83625.5147,127523.4831,4d9.(2D<5/2>).5p,2[3/2]*,1,4d9.(2D<5/2>).5d,2[5/2],2
Ag,2,Ag II,227.998111,227.998111,227.998107,air,590000.0,590000,325000000.0,B+,46049.0620,89895.5377,4d9.(2D<3/2>).5s,2[3/2],2,4d9.(2D<3/2>).5p,2[3/2]*,1
Ag,2,Ag II,229.595366,229.595366,229.595369,air,27000.0,27000,60000000.0,B+,83669.6491,127211.1186,4d9.(2D<5/2>).5p,2[7/2]*,4,4d9.(2D<5/2>).5d,2[5/2],3
Ag,2,Ag II,231.232,231.232,231.232886,air,3800.0,3800,1000000.0,D,82171.7320,125404.8818,4d9.(2D<5/2>).5p,2[7/2]*,3,4d9.(2D<3/2>).6s,2[3/2],2
Ag,2,Ag II,231.703406,231.703406,231.703405,air,340000.0,340000,168000000.0,B+,43742.7348,86888.0990,4d9.(2D<3/2>).5s,2[3/2],1,4d9.(2D<3/2>).5p,2[5/2]*,2
Ag,2,Ag II,231.706532,231.706532,231.706521,air,27000.0,27000,250000000.0,D+,83625.5147,126770.2987,4d9.(2D<5/2>).5p,2[3/2]*,1,4d9.(2D<5/2>).5d,2[3/2],1
Ag,2,Ag II,232.024495,232.024495,232.024495,air,730000.0,730000,290000000.0,B,46049.0620,89134.7240,4d9.(2D<3/2>).5s,2[3/2],2,4d9.(2D<3/2>).5p,2[5/2]*,3
Ag,2,Ag II,232.143261,232.143261,232.143249,air,190000.0,190000,180000000.0,C,89134.7240,132198.3472,4d9.(2D<3/2>).5p,2[5/2]*,3,4d9.(2D<3/2>).5d,2[5/2],3
Ag,2,Ag II,232.37386,232.37386,232.373861,air,34000.0,34000,20000000.0,D+,89134.7240,132155.6138,4d9.(2D<3/2>).5p,2[5/2]*,3,4d9.(2D<3/2>).5d,2[5/2],2
Ag,2,Ag II,232.433945,232.433945,232.433966,air,5400.0,5400,35000000.0,D+,83669.6491,126679.4151,4d9.(2D<5/2>).5p,2[7/2]*,4,4d9.(2D<5/2>).5d,2[9/2],4
Ag,2,Ag II,232.466685,232.466685,232.466678,air,240000.0,240000,84000000.0,B+,39168.0177,82171.7320,4d9.(2D<5/2>).5s,2[5/2],3,4d9.(2D<5/2>).5p,2[7/2]*,3
Ag,2,Ag II,232.494655,232.494655,232.494655,air,270000.0,270000,710000000.0,C,83669.6491,126668.189,4d9.(2D<5/2>).5p,2[7/2]*,4,4d9.(2D<5/2>).5d,2[9/2],5
Ag,2,Ag II,233.136632,233.136632,233.136629,air,330000.0,330000,251000000.0,B,40745.3671,83625.5147,4d9.(2D<5/2>).5s,2[5/2],2,4d9.(2D<5/2>).5p,2[3/2]*,1
Ag,2,Ag II,235.791689,235.791689,235.79168,air,170000.0,170000,296000000.0,A,43742.7348,86140.0853,4d9.(2D<3/2>).5s,2[3/2],1,4d9.(2D<3/2>).5p,2[1/2]*,0
Ag,2,Ag II,235.875114,235.875114,235.875114,air,260000.0,260000,670000000.0,C,89134.7240,131517.079,4d9.(2D<3/2>).5p,2[5/2]*,3,4d9.(2D<3/2>).5d,2[7/2],4
Ag,2,Ag II,236.207463,236.207463,236.207464,air,67000.0,67000,263000000.0,B+,85200.7563,127523.4831,4d9.(2D<5/2>).5p,2[5/2]*,2,4d9.(2D<5/2>).5d,2[5/2],2
Ag,2,Ag II,236.388377,236.388377,236.388381,air,100000.0,100000,370000000.0,C,85200.7563,127491.0946,4d9.(2D<5/2>).5p,2[5/2]*,2,4d9.(2D<5/2>).5d,2[7/2],3
Ag,2,Ag II,236.557671,236.557671,236.557671,air,100000.0,100000,300000000.0,C,89895.5377,132155.6138,4d9.(2D<3/2>).5p,2[3/2]*,1,4d9.(2D<3/2>).5d,2[5/2],2
Ag,2,Ag II,237.35695,237.35695,237.356965,air,16000.0,16000,37000000.0,D+,89134.7240,131252.5017,4d9.(2D<3/2>).5p,2[5/2]*,3,4d9.(2D<3/2>).5d,2[7/2],3
Ag,2,Ag II,237.96,237.96,237.963907,air,2800.0,2800,900000.0,E,85200.7563,127211.1186,4d9.(2D<5/2>).5p,2[5/2]*,2,4d9.(2D<5/2>).5d,2[5/2],3
Ag,2,Ag II,238.310087,238.310087,238.310093,air,14000.0,14000,80000000.0,D+,83625.5147,125574.8546,4d9.(2D<5/2>).5p,2[3/2]*,1,4d9.(2D<5/2>).5d,2[1/2],1
Ag,2,Ag II,239.042949,239.042949,239.042948,air,310000.0,310000,68000000.0,D+,90334.8716,132155.6138,4d9.(2D<3/2>).5p,2[1/2]*,1,4d9.(2D<3/2>).5d,2[5/2],2
Ag,2,Ag II,239.279686,239.279686,239.279697,air,11000.0,11000,25000000.0,B,83625.5147,125404.8818,4d9.(2D<5/2>).5p,2[3/2]*,1,4d9.(2D<3/2>).6s,2[3/2],2
Ag,2,Ag II,240.24463,240.24463,240.244634,air,31000.0,31000,360000000.0,C,89895.5377,131507.1120,4d9.(2D<3/2>).5p,2[3/2]*,1,4d9.(2D<3/2>).5d,2[3/2],1
Ag,2,Ag II,240.487583,240.487583,240.487569,air,15000.0,15000,110000000.0,D+,85200.7563,126770.2987,4d9.(2D<5/2>).5p,2[5/2]*,2,4d9.(2D<5/2>).5d,2[3/2],1
Ag,2,Ag II,240.885401,240.885401,240.885395,air,5900.0,5900,17000000.0,C+,83625.5147,125126.4097,4d9.(2D<5/2>).5p,2[3/2]*,1,4d9.(2D<3/2>).6s,2[3/2],1
Ag,2,Ag II,241.134527,241.134527,241.134524,air,180000.0,180000,96000000.0,B+,43742.7348,85200.7563,4d9.(2D<3/2>).5s,2[3/2],1,4d9.(2D<5/2>).5p,2[5/2]*,2
Ag,2,Ag II,241.149494,241.149494,241.149491,air,91000.0,91000,250000000.0,C,90334.8716,131790.3202,4d9.(2D<3/2>).5p,2[1/2]*,1,4d9.(2D<3/2>).5d,2[3/2],2
Ag,2,Ag II,241.31881,241.31881,241.318805,air,470000.0,470000,210000000.0,B+,40745.3671,82171.7320,4d9.(2D<5/2>).5s,2[5/2],2,4d9.(2D<5/2>).5p,2[7/2]*,3
Ag,2,Ag II,241.995667,241.995667,241.995662,air,540000.0,540000,460000000.0,C,90887.8423,132198.3472,4d9.(2D<3/2>).5p,2[3/2]*,2,4d9.(2D<3/2>).5d,2[5/2],3
Ag,2,Ag II,242.246274,242.246274,242.246271,air,41000.0,41000,52000000.0,D+,90887.8423,132155.6138,4d9.(2D<3/2>).5p,2[3/2]*,2,4d9.(2D<3/2>).5d,2[5/2],2
Ag,2,Ag II,242.951289,242.951289,242.951294,air,190000.0,190000,400000000.0,B+,86460.6511,127608.6762,4d9.(2D<5/2>).5p,2[5/2]*,3,4d9.(2D<5/2>).5d,2[7/2],4
Ag,2,Ag II,243.778299,243.778299,243.778303,air,450000.0,450000,290000000.0,B,39168.0177,80176.4601,4d9.(2D<5/2>).5s,2[5/2],3,4d9.(2D<5/2>).5p,2[3/2]*,2
Ag,2,Ag II,244.409896,244.409896,244.409897,air,140000.0,140000,270000000.0,C,90887.8423,131790.3202,4d9.(2D<3/2>).5p,2[3/2]*,2,4d9.(2D<3/2>).5d,2[3/2],2
Ag,2,Ag II,244.621146,244.621146,244.621139,air,22000.0,22000,35000000.0,D+,89895.5377,130762.6969,4d9.(2D<3/2>).5p,2[3/2]*,1,4d9.(2D<3/2>).5d,2[1/2],1
Ag,2,Ag II,244.789606,244.789606,244.7896,air,210000.0,210000,92000000.0,B+,46049.0620,86888.0990,4d9.(2D<3/2>).5s,2[3/2],2,4d9.(2D<3/2>).5p,2[5/2]*,2
Ag,2,Ag II,245.321676,245.321676,245.321679,air,110000.0,110000,370000000.0,B+,86460.6511,127211.1186,4d9.(2D<5/2>).5p,2[5/2]*,3,4d9.(2D<5/2>).5d,2[5/2],3
Ag,2,Ag II,246.016512,246.016512,246.016505,air,34000.0,34000,118000000.0,B+,86888.0990,127523.4831,4d9.(2D<3/2>).5p,2[5/2]*,2,4d9.(2D<5/2>).5d,2[5/2],2
Ag,2,Ag II,246.11412,246.11412,246.114111,air,5500.0,5500,34000000.0,D+,90887.8423,131507.1120,4d9.(2D<3/2>).5p,2[3/2]*,2,4d9.(2D<3/2>).5d,2[3/2],1
Ag,2,Ag II,246.212773,246.212773,246.212763,air,35000.0,35000,80000000.0,D+,86888.0990,127491.0946,4d9.(2D<3/2>).5p,2[5/2]*,2,4d9.(2D<5/2>).5d,2[7/2],3
Ag,2,Ag II,247.279642,247.279642,247.279659,air,9700.0,9700,230000000.0,D+,90334.8716,130762.6969,4d9.(2D<3/2>).5p,2[1/2]*,1,4d9.(2D<3/2>).5d,2[1/2],1
Ag,2,Ag II,247.379016,247.379016,247.379016,air,140000.0,140000,49800000.0,A,46049.0620,86460.6511,4d9.(2D<3/2>).5s,2[3/2],2,4d9.(2D<5/2>).5p,2[5/2]*,3
Ag,2,Ag II,247.661,247.661,247.666649,air,7200.0,7200,22000000.0,D+,90887.8423,131252.5017,4d9.(2D<3/2>).5p,2[3/2]*,2,4d9.(2D<3/2>).5d,2[7/2],3
Ag,2,Ag II,247.712768,247.712768,247.712763,air,100000.0,100000,140000000.0,C,80176.4601,120533.6058,4d9.(2D<5/2>).5p,2[3/2]*,2,4d9.(2D<5/2>).6s,2[5/2],3
Ag,2,Ag II,247.92251,247.92251,247.922422,air,1900.0,1900,3000000.0,E,86888.0990,127211.1186,4d9.(2D<3/2>).5p,2[5/2]*,2,4d9.(2D<5/2>).5d,2[5/2],3
Ag,2,Ag II,248.028243,248.028243,248.028243,air,29000.0,29000,160000000.0,C,86460.6511,126766.4681,4d9.(2D<5/2>).5p,2[5/2]*,3,4d9.(2D<5/2>).5d,2[3/2],2
Ag,2,Ag II,248.565135,248.565135,248.565135,air,9300.0,9300,28000000.0,D+,86460.6511,126679.4151,4d9.(2D<5/2>).5p,2[5/2]*,3,4d9.(2D<5/2>).5d,2[9/2],4
Ag,2,Ag II,248.655629,248.655629,248.655645,air,5700.0,5700,16000000.0,C+,85200.7563,125404.8818,4d9.(2D<5/2>).5p,2[5/2]*,2,4d9.(2D<3/2>).6s,2[3/2],2
Ag,2,Ag II,250.390077,250.390077,250.390081,air,17000.0,17000,92000000.0,B,85200.7563,125126.4097,4d9.(2D<5/2>).5p,2[5/2]*,2,4d9.(2D<3/2>).6s,2[3/2],1
Ag,2,Ag II,250.659265,250.659265,250.659265,air,50000.0,50000,21300000.0,B,43742.7348,83625.5147,4d9.(2D<3/2>).5s,2[3/2],1,4d9.(2D<5/2>).5p,2[3/2]*,1
Ag,2,Ag II,250.66289,250.66289,250.662912,air,5300.0,5300,46000000.0,D+,86888.0990,126770.2987,4d9.(2D<3/2>).5p,2[5/2]*,2,4d9.(2D<5/2>).5d,2[3/2],1
Ag,2,Ag II,250.70909,250.70909,250.709088,air,12000.0,12000,90000000.0,D+,90887.8423,130762.6969,4d9.(2D<3/2>).5p,2[3/2]*,2,4d9.(2D<3/2>).5d,2[1/2],1
Ag,2,Ag II,253.530785,253.530785,253.530785,air,19000.0,19000,3400000.0,E,40745.3671,80176.4601,4d9.(2D<5/2>).5s,2[5/2],2,4d9.(2D<5/2>).5p,2[3/2]*,2
Ag,2,Ag II,255.34021,255.34021,255.340179,air,2800.0,2800,700000.0,E,46049.0620,85200.7563,4d9.(2D<3/2>).5s,2[3/2],2,4d9.(2D<5/2>).5p,2[5/2]*,2
Ag,2,Ag II,256.423332,256.423332,256.423336,air,12000.0,12000,62000000.0,C+,86140.0853,125126.4097,4d9.(2D<3/2>).5p,2[1/2]*,0,4d9.(2D<3/2>).6s,2[3/2],1
Ag,2,Ag II,256.700519,256.700519,256.700514,air,6400.0,6400,25000000.0,C+,86460.6511,125404.8818,4d9.(2D<5/2>).5p,2[5/2]*,3,4d9.(2D<3/2>).6s,2[3/2],2
Ag,2,Ag II,258.057399,258.057399,258.057394,air,80000.0,80000,180000000.0,C,82171.7320,120911.2048,4d9.(2D<5/2>).5p,2[7/2]*,3,4d9.(2D<5/2>).6s,2[5/2],2
Ag,2,Ag II,258.724,258.724,258.724477,air,1100.0,1100,2000000.0,E,89895.5377,128535.1327,4d9.(2D<3/2>).5p,2[3/2]*,1,4d9.(2D<5/2>).5d,2[1/2],0
Ag,2,Ag II,259.549487,259.549487,259.549481,air,8100.0,8100,28000000.0,C+,86888.0990,125404.8818,4d9.(2D<3/2>).5p,2[5/2]*,2,4d9.(2D<3/2>).6s,2[3/2],2
Ag,2,Ag II,259.836,259.836,259.838439,air,3400.0,3400,8000000.0,C+,89134.7240,127608.6762,4d9.(2D<3/2>).5p,2[5/2]*,3,4d9.(2D<5/2>).5d,2[7/2],4
Ag,2,Ag II,260.597631,260.597631,260.597632,air,24000.0,24000,30000000.0,C+,82171.7320,120533.6058,4d9.(2D<5/2>).5p,2[7/2]*,3,4d9.(2D<5/2>).6s,2[5/2],3
Ag,2,Ag II,261.439776,261.439776,261.439778,air,21000.0,21000,136000000.0,C+,86888.0990,125126.4097,4d9.(2D<3/2>).5p,2[5/2]*,2,4d9.(2D<3/2>).6s,2[3/2],1
Ag,2,Ag II,261.7002,261.7002,261.700202,air,3600.0,3600,69000000.0,B+,90334.8716,128535.1327,4d9.(2D<3/2>).5p,2[1/2]*,1,4d9.(2D<5/2>).5d,2[1/2],0
Ag,2,Ag II,262.551589,262.551589,262.551592,air,8200.0,8200,30000000.0,B+,89134.7240,127211.1186,4d9.(2D<3/2>).5p,2[5/2]*,3,4d9.(2D<5/2>).5d,2[5/2],3
Ag,2,Ag II,265.65404,265.65404,265.654043,air,2500.0,2500,13000000.0,D+,89134.7240,126766.4681,4d9.(2D<3/2>).5p,2[5/2]*,3,4d9.(2D<5/2>).5d,2[3/2],2
Ag,2,Ag II,265.680859,265.680859,265.680863,air,6200.0,6200,29000000.0,B+,89895.5377,127523.4831,4d9.(2D<3/2>).5p,2[3/2]*,1,4d9.(2D<5/2>).5d,2[5/2],2
Ag,2,Ag II,266.044956,266.044956,266.044959,air,26000.0,26000,15100000.0,C+,46049.0620,83625.5147,4d9.(2D<3/2>).5s,2[3/2],2,4d9.(2D<5/2>).5p,2[3/2]*,1
Ag,2,Ag II,268.119774,268.119774,268.119759,air,24000.0,24000,60000000.0,D+,83625.5147,120911.2048,4d9.(2D<5/2>).5p,2[3/2]*,1,4d9.(2D<5/2>).6s,2[5/2],2
Ag,2,Ag II,268.81976,268.81976,268.819709,air,2300.0,2300,14000000.0,B+,90334.8716,127523.4831,4d9.(2D<3/2>).5p,2[1/2]*,1,4d9.(2D<5/2>).5d,2[5/2],2
Ag,2,Ag II,271.107823,271.107823,271.10783,air,8900.0,8900,48000000.0,D+,89895.5377,126770.2987,4d9.(2D<3/2>).5p,2[3/2]*,1,4d9.(2D<5/2>).5d,2[3/2],1
Ag,2,Ag II,271.187305,271.187305,271.187292,air,91000.0,91000,200000000.0,C+,83669.6491,120533.6058,4d9.(2D<5/2>).5p,2[7/2]*,4,4d9.(2D<5/2>).6s,2[5/2],3
Ag,2,Ag II,272.873,272.873,272.877443,air,590.0,590,1000000.0,E,90887.8423,127523.4831,4d9.(2D<3/2>).5p,2[3/2]*,2,4d9.(2D<5/2>).5d,2[5/2],2
Ag,2,Ag II,274.37697,274.37697,274.376993,air,5000.0,5000,100000000.0,D+,90334.8716,126770.2987,4d9.(2D<3/2>).5p,2[1/2]*,1,4d9.(2D<5/2>).5d,2[3/2],1
Ag,2,Ag II,274.38981,274.38981,274.38981,air,1290.0,1290,1100000.0,D+,43742.7348,80176.4601,4d9.(2D<3/2>).5s,2[3/2],1,4d9.(2D<5/2>).5p,2[3/2]*,2
Ag,2,Ag II,275.219,275.219,275.224198,air,690.0,690,1000000.0,E,90887.8423,127211.1186,4d9.(2D<3/2>).5p,2[3/2]*,2,4d9.(2D<5/2>).5d,2[5/2],3
Ag,2,Ag II,275.627305,275.627305,275.627291,air,35000.0,35000,200000000.0,C+,89134.7240,125404.8818,4d9.(2D<3/2>).5p,2[5/2]*,3,4d9.(2D<3/2>).6s,2[3/2],2
Ag,2,Ag II,276.752713,276.752713,276.752728,air,30000.0,30000,10100000.0,B,46049.0620,82171.7320,4d9.(2D<3/2>).5s,2[3/2],2,4d9.(2D<5/2>).5p,2[7/2]*,3
Ag,2,Ag II,279.947584,279.947584,279.947573,air,20000.0,20000,100000000.0,D+,85200.7563,120911.2048,4d9.(2D<5/2>).5p,2[5/2]*,2,4d9.(2D<5/2>).6s,2[5/2],2
Ag,2,Ag II,281.533114,281.533114,281.533114,air,13000.0,13000,71000000.0,B+,89895.5377,125404.8818,4d9.(2D<3/2>).5p,2[3/2]*,1,4d9.(2D<3/2>).6s,2[3/2],2
Ag,2,Ag II,283.757,283.757,283.75852,air,670.0,670,4000000.0,B,89895.5377,125126.4097,4d9.(2D<3/2>).5p,2[3/2]*,1,4d9.(2D<3/2>).6s,2[3/2],1
Ag,2,Ag II,285.060148,,285.060148,air,,,16000000.0,D+,90334.8716,125404.8818,4d9.(2D<3/2>).5p,2[1/2]*,1,4d9.(2D<3/2>).6s,2[3/2],2
Ag,2,Ag II,287.341877,287.341877,287.341884,air,11400.0,11400,106000000.0,C+,90334.8716,125126.4097,4d9.(2D<3/2>).5p,2[1/2]*,1,4d9.(2D<3/2>).6s,2[3/2],1
Ag,2,Ag II,289.6271,289.6271,289.627093,air,16000.0,16000,84000000.0,B,90887.8423,125404.8818,4d9.(2D<3/2>).5p,2[3/2]*,2,4d9.(2D<3/2>).6s,2[3/2],2
Ag,2,Ag II,290.18607,290.18607,290.186068,air,14000.0,14000,43000000.0,D+,86460.6511,120911.2048,4d9.(2D<5/2>).5p,2[5/2]*,3,4d9.(2D<5/2>).6s,2[5/2],2
Ag,2,Ag II,291.98283,291.98283,291.982822,air,8400.0,8400,60000000.0,C+,90887.8423,125126.4097,4d9.(2D<3/2>).5p,2[3/2]*,2,4d9.(2D<3/2>).6s,2[3/2],1
Ag,2,Ag II,292.93399,292.93399,292.933993,air,10000.0,10000,2900000.0,C,46049.0620,80176.4601,4d9.(2D<3/2>).5s,2[3/2],2,4d9.(2D<5/2>).5p,2[3/2]*,2
Ag,2,Ag II,293.40208,293.40208,293.402078,air,28000.0,28000,72000000.0,B,86460.6511,120533.6058,4d9.(2D<5/2>).5p,2[5/2]*,3,4d9.(2D<5/2>).6s,2[5/2],3
Ag,2,Ag II,293.83197,293.83197,293.831975,air,8200.0,8200,30000000.0,D+,86888.0990,120911.2048,4d9.(2D<3/2>).5p,2[5/2]*,2,4d9.(2D<5/2>).6s,2[5/2],2
Ag,2,Ag II,318.07128,318.07128,318.071265,air,1500.0,1500,4300000.0,B+,82171.7320,113602.1364,4d9.(2D<5/2>).5p,2[7/2]*,3,4d8.5s2,1G,4
Ag,2,Ag II,318.3906,318.3906,318.390601,air,1300.0,1300,4000000.0,B,89134.7240,120533.6058,4d9.(2D<3/2>).5p,2[5/2]*,3,4d9.(2D<5/2>).6s,2[5/2],3
Ag,2,Ag II,322.32462,322.32462,322.324625,air,3300.0,3300,6900000.0,D+,89895.5377,120911.2048,4d9.(2D<3/2>).5p,2[3/2]*,1,4d9.(2D<5/2>).6s,2[5/2],2
Ag,2,Ag II,326.73462,326.73462,326.734612,air,460.0,460,870000.0,B,80176.4601,110773.5186,4d9.(2D<5/2>).5p,2[3/2]*,2,4d8.5s2,1D,2
Ag,2,Ag II,326.955,326.955,326.956087,air,1400.0,1400,20000000.0,D+,90334.8716,120911.2048,4d9.(2D<3/2>).5p,2[1/2]*,1,4d9.(2D<5/2>).6s,2[5/2],2
Ag,1,Ag I,328.068,328.068,328.06843,air,55000.0,55000r,140000000.0,B,0.000000,30472.66516,4d10.5s,2S,1/2,4d10.5p,2P*,3/2
Ag,2,Ag II,333.9878,333.9878,333.98913,air,88.0,88,210000.0,B+,83669.6491,113602.1364,4d9.(2D<5/2>).5p,2[7/2]*,4,4d8.5s2,1G,4
Ag,2,Ag II,337.21945,337.21945,337.219464,air,560.0,560,1000000.0,B,90887.8423,120533.6058,4d9.(2D<3/2>).5p,2[3/2]*,2,4d9.(2D<5/2>).6s,2[5/2],3
Ag,1,Ag I,338.2887,338.2887,338.288781,air,28000.0,28000r,130000000.0,B,0.000000,29552.05741,4d10.5s,2S,1/2,4d10.5p,2P*,1/2
Ag,2,Ag II,349.52849,349.52849,349.528495,air,500.0,500,740000.0,C+,82171.7320,110773.5186,4d9.(2D<5/2>).5p,2[7/2]*,3,4d8.5s2,1D,2
Ag,2,Ag II,368.24638,368.24638,368.246368,air,260.0,260,90000.0,B,83625.5147,110773.5186,4d9.(2D<5/2>).5p,2[3/2]*,1,4d8.5s2,1D,2
Ag,2,Ag II,368.33479,368.33479,368.33481,air,530.0,530,990000.0,B+,86460.6511,113602.1364,4d9.(2D<5/2>).5p,2[5/2]*,3,4d8.5s2,1G,4
Ag,2,Ag II,408.59155,408.59155,408.59155,air,470.0,470,1120000.0,B+,89134.7240,113602.1364,4d9.(2D<3/2>).5p,2[5/2]*,3,4d8.5s2,1G,4
Ag,2,Ag II,411.1888,411.1888,411.188813,air,53.0,53,120000.0,B,86460.6511,110773.5186,4d9.(2D<5/2>).5p,2[5/2]*,3,4d8.5s2,1D,2
Ag,2,Ag II,418.54749,418.54749,418.547499,air,250.0,250,370000.0,C,86888.0990,110773.5186,4d9.(2D<3/2>).5p,2[5/2]*,2,4d8.5s2,1D,2
Ag,2,Ag II,431.351,431.351,431.354,air,290.0,290,14000000.0,D+,136518.895,159695.21,4d9.(2D<3/2>).6p,2[5/2]*,2,4d9.(2D<3/2>).8s,2[3/2],1
Ag,2,Ag II,431.959,431.959,431.959,air,630.0,630,12000000.0,D+,132017.588,155161.42,4d9.(2D<5/2>).6p,2[7/2]*,3,4d9.(2D<5/2>).8s,2[5/2],2
Ag,2,Ag II,433.314,433.314,433.316,air,210.0,210,3300000.0,D+,132017.588,155088.95,4d9.(2D<5/2>).6p,2[7/2]*,3,4d9.(2D<5/2>).8s,2[5/2],3
Ag,2,Ag II,436.416,436.416,436.409,air,290.0,290,6600000.0,D+,136832.527,159740.36,4d9.(2D<3/2>).6p,2[1/2]*,1,4d9.(2D<3/2>).8s,2[3/2],2
Ag,2,Ag II,441.2,441.2,441.196,air,830.0,830,14000000.0,D+,132429.668,155088.95,4d9.(2D<5/2>).6p,2[7/2]*,4,4d9.(2D<5/2>).8s,2[5/2],3
Ag,2,Ag II,443.057,443.057,443.063,air,580.0,580,14000000.0,D+,137176.52,159740.36,4d9.(2D<3/2>).6p,2[5/2]*,3,4d9.(2D<3/2>).8s,2[3/2],2
Ag,2,Ag II,444.919,444.919,444.917,air,290.0,290,10000000.0,D+,137225.409,159695.21,4d9.(2D<3/2>).6p,2[3/2]*,1,4d9.(2D<3/2>).8s,2[3/2],1
Ag,2,Ag II,447.912,447.912,447.909,air,210.0,210,6400000.0,D+,132841.701,155161.42,4d9.(2D<5/2>).6p,2[3/2]*,1,4d9.(2D<5/2>).8s,2[5/2],2
Ag,2,Ag II,448.858,448.858,448.866,air,290.0,290d,6800000.0,D+,137468.255,159740.36,4d9.(2D<3/2>).6p,2[3/2]*,2,4d9.(2D<3/2>).8s,2[3/2],2
Ag,2,Ag II,449.494,449.494,449.492,air,410.0,410,11000000.0,D+,132920.339,155161.42,4d9.(2D<5/2>).6p,2[5/2]*,2,4d9.(2D<5/2>).8s,2[5/2],2
Ag,2,Ag II,451.552,451.552,451.558,air,210.0,210,4100000.0,D+,133022.073,155161.42,4d9.(2D<5/2>).6p,2[5/2]*,3,4d9.(2D<5/2>).8s,2[5/2],2
Ag,2,Ag II,453.039,453.039,453.041,air,410.0,410,7400000.0,D+,133022.073,155088.95,4d9.(2D<5/2>).6p,2[5/2]*,3,4d9.(2D<5/2>).8s,2[5/2],3
Ag,2,Ag II,462.00358,462.00358,462.00355,air,170.0,170,210000.0,C,89134.7240,110773.5186,4d9.(2D<3/2>).5p,2[5/2]*,3,4d8.5s2,1D,2
Ag,2,Ag II,478.83966,478.83966,478.83966,air,260.0,260,950000.0,C+,89895.5377,110773.5186,4d9.(2D<3/2>).5p,2[3/2]*,1,4d8.5s2,1D,2
Ag,2,Ag II,489.1335,489.1335,489.13259,air,18.0,18,100000.0,B,90334.8716,110773.5186,4d9.(2D<3/2>).5p,2[1/2]*,1,4d8.5s2,1D,2
Ag,2,Ag II,502.7343,502.7343,502.73432,air,160.0,160,340000.0,C+,90887.8423,110773.5186,4d9.(2D<3/2>).5p,2[3/2]*,2,4d8.5s2,1D,2
Ag,2,Ag II,513.7247,513.7247,513.72469,air,720.0,720,18000000.0,C,125574.8546,145035.112,4d9.(2D<5/2>).5d,2[1/2],1,4d8.(3F).5s.5p.(3P*),1D*,2
Ag,2,Ag II,514.28156,514.28156,514.28157,air,1700.0,1700,130000000.0,C,125574.8546,145014.040,4d9.(2D<5/2>).5d,2[1/2],1,4d9.(2D<5/2>).4f,2[1/2]*,1
Ag,1,Ag I,520.9078,520.9078,520.9078,air,1000.0,1000,75000000.0,D,29552.05741,48743.969,4d10.5p,2P*,1/2,4d10.5d,2D,3/2
Ag,2,Ag II,531.24571,531.24571,531.24574,air,1200.0,1200,16000000.0,C,126679.4151,145497.860,4d9.(2D<5/2>).5d,2[9/2],4,4d9.(2D<5/2>).4f,2[9/2]*,4
Ag,2,Ag II,533.25043,533.25043,533.25049,air,1300.0,1300,20000000.0,C,126679.4151,145427.113,4d9.(2D<5/2>).5d,2[9/2],4,4d9.(2D<5/2>).4f,2[7/2]*,4
Ag,2,Ag II,534.00267,534.00267,534.00267,air,2900.0,2900,34000000.0,C,126668.189,145389.480,4d9.(2D<5/2>).5d,2[9/2],5,4d9.(2D<5/2>).4f,2[9/2]*,5
Ag,2,Ag II,536.27877,536.27877,536.27883,air,1600.0,1600,22000000.0,C,126766.4681,145408.300,4d9.(2D<5/2>).5d,2[3/2],2,4d9.(2D<5/2>).4f,2[7/2]*,3
Ag,2,Ag II,539.24686,539.24686,539.24682,air,1500.0,1500,79000000.0,C,126770.2987,145309.528,4d9.(2D<5/2>).5d,2[3/2],1,4d9.(2D<5/2>).4f,2[5/2]*,2
Ag,2,Ag II,540.01037,540.01037,540.01037,air,20000.0,20000,180000000.0,C,126668.189,145181.205,4d9.(2D<5/2>).5d,2[9/2],5,4d9.(2D<5/2>).4f,2[11/2]*,6
Ag,2,Ag II,540.31323,540.31323,540.31323,air,15000.0,15000,180000000.0,C,126679.4151,145182.054,4d9.(2D<5/2>).5d,2[9/2],4,4d9.(2D<5/2>).4f,2[11/2]*,5
Ag,2,Ag II,541.08114,541.08114,541.08117,air,1800.0,1800,3600000.0,D+,126766.4681,145242.847,4d9.(2D<5/2>).5d,2[3/2],2,4d9.(2D<5/2>).4f,2[3/2]*,1
Ag,2,Ag II,541.1936,541.1936,541.19338,air,740.0,740,89000000.0,C,126770.2987,145242.847,4d9.(2D<5/2>).5d,2[3/2],1,4d9.(2D<5/2>).4f,2[3/2]*,1
Ag,2,Ag II,542.40511,542.40511,542.40509,air,2200.0,2200,74000000.0,C,126766.4681,145197.750,4d9.(2D<5/2>).5d,2[3/2],2,4d9.(2D<5/2>).4f,2[3/2]*,2
Ag,1,Ag I,546.5497,546.5497,546.54853,air,1000.0,1000,86000000.0,D,30472.66516,48764.219,4d10.5p,2P*,3/2,4d10.5d,2D,5/2
Ag,1,Ag I,547.1555,547.1555,547.15428,air,50.0,50,14000000.0,D,30472.66516,48743.969,4d10.5p,2P*,3/2,4d10.5d,2D,3/2
Ag,2,Ag II,547.86597,547.86597,547.86589,air,1500.0,1500,54000000.0,C,126766.4681,145014.040,4d9.(2D<5/2>).5d,2[3/2],2,4d9.(2D<5/2>).4f,2[1/2]*,1
Ag,2,Ag II,548.81567,548.81567,548.81562,air,8300.0,8300,78000000.0,C,127211.1186,145427.113,4d9.(2D<5/2>).5d,2[5/2],3,4d9.(2D<5/2>).4f,2[7/2]*,4
Ag,2,Ag II,549.38309,549.38309,549.38302,air,2300.0,2300,28000000.0,C,127211.1186,145408.300,4d9.(2D<5/2>).5d,2[5/2],3,4d9.(2D<5/2>).4f,2[7/2]*,3
Ag,2,Ag II,554.32124,554.32124,554.32121,air,2700.0,2700,21000000.0,C,127523.4831,145558.556,4d9.(2D<5/2>).5d,2[5/2],2,4d8.(3F).5s.5p.(3P*),1F*,3
Ag,2,Ag II,555.19265,555.19265,555.19264,air,12000.0,12000,107000000.0,C,127491.0946,145497.860,4d9.(2D<5/2>).5d,2[7/2],3,4d9.(2D<5/2>).4f,2[9/2]*,4
Ag,2,Ag II,555.81401,555.81401,555.81412,air,2300.0,2300,19000000.0,C,127211.1186,145197.750,4d9.(2D<5/2>).5d,2[5/2],3,4d9.(2D<5/2>).4f,2[3/2]*,2
Ag,2,Ag II,557.38261,557.38261,557.38257,air,2300.0,2300,32000000.0,C,127491.0946,145427.113,4d9.(2D<5/2>).5d,2[7/2],3,4d9.(2D<5/2>).4f,2[7/2]*,4
Ag,2,Ag II,557.96777,557.96777,557.96782,air,2400.0,2400,37000000.0,C,127491.0946,145408.300,4d9.(2D<5/2>).5d,2[7/2],3,4d9.(2D<5/2>).4f,2[7/2]*,3
Ag,2,Ag II,558.8417,558.8417,558.84183,air,1700.0,1700,16000000.0,C,127608.6762,145497.860,4d9.(2D<5/2>).5d,2[7/2],4,4d9.(2D<5/2>).4f,2[9/2]*,4
Ag,2,Ag II,558.97828,558.97828,558.97829,air,4200.0,4200,69000000.0,C,127523.4831,145408.300,4d9.(2D<5/2>).5d,2[5/2],2,4d9.(2D<5/2>).4f,2[7/2]*,3
Ag,2,Ag II,561.06066,561.06066,561.0607,air,5400.0,5400*,40000000.0,C,127608.6762,145427.113,4d9.(2D<5/2>).5d,2[7/2],4,4d9.(2D<5/2>).4f,2[7/2]*,4
Ag,2,Ag II,562.24822,562.24822,562.2482,air,21000.0,21000,140000000.0,C,127608.6762,145389.480,4d9.(2D<5/2>).5d,2[7/2],4,4d9.(2D<5/2>).4f,2[9/2]*,5
Ag,2,Ag II,793.02,793.02,793.019,air,1800.0,1800,32000000.0,C,132017.588,144624.16,4d9.(2D<5/2>).6p,2[7/2]*,3,4d9.(2D<5/2>).7s,2[5/2],2
Ag,2,Ag II,795.73,795.73,795.708,air,420.0,420,37000000.0,C,136518.895,149082.86,4d9.(2D<3/2>).6p,2[5/2]*,2,4d9.(2D<3/2>).7s,2[3/2],1
Ag,2,Ag II,800.51863,800.51863,800.51861,air,2600.0,2600,38000000.0,C,120533.6058,133022.073,4d9.(2D<5/2>).6s,2[5/2],3,4d9.(2D<5/2>).6p,2[5/2]*,3
Ag,2,Ag II,802.3,802.3,802.293,air,310.0,310,8900000.0,C,132017.588,144478.44,4d9.(2D<5/2>).6p,2[7/2]*,3,4d9.(2D<5/2>).7s,2[5/2],3
Ag,2,Ag II,809.63,809.63,809.517,air,220.0,220bl,18000000.0,C,136832.527,149182.18,4d9.(2D<3/2>).6p,2[1/2]*,1,4d9.(2D<3/2>).7s,2[3/2],2
Ag,2,Ag II,810.0253,810.0253,810.0289,air,810.0,810,13000000.0,C,125126.4097,137468.255,4d9.(2D<3/2>).6s,2[3/2],1,4d9.(2D<3/2>).6p,2[3/2]*,2
Ag,2,Ag II,822.477,822.477,822.4757,air,270.0,270,1700000.0,D+,120533.6058,132688.679,4d9.(2D<5/2>).6s,2[5/2],3,4d8.(3F).5s.5p.(3P*),5G*,4
Ag,2,Ag II,825.4777,825.4777,825.47772,air,1500.0,1500,14000000.0,C,120911.2048,133022.073,4d9.(2D<5/2>).6s,2[5/2],2,4d9.(2D<5/2>).6p,2[5/2]*,3
Ag,2,Ag II,826.2874,826.2874,826.2875,air,950.0,950,43000000.0,C,125126.4097,137225.409,4d9.(2D<3/2>).6s,2[3/2],1,4d9.(2D<3/2>).6p,2[3/2]*,1
Ag,2,Ag II,828.7284,828.7284,828.7277,air,1100.0,1100,30000000.0,C,125404.8818,137468.255,4d9.(2D<3/2>).6s,2[3/2],2,4d9.(2D<3/2>).6p,2[3/2]*,2
Ag,2,Ag II,829.78,829.78,829.732,air,2100.0,2100,34000000.0,C,132429.668,144478.44,4d9.(2D<5/2>).6p,2[7/2]*,4,4d9.(2D<5/2>).7s,2[5/2],3
Ag,2,Ag II,832.4708,832.4708,832.4707,air,2100.0,2100,47000000.0,C,120911.2048,132920.339,4d9.(2D<5/2>).6s,2[5/2],2,4d9.(2D<5/2>).6p,2[5/2]*,2
Ag,2,Ag II,837.9578,837.9578,837.9578,air,2000.0,2000,50000000.0,C,120911.2048,132841.701,4d9.(2D<5/2>).6s,2[5/2],2,4d9.(2D<5/2>).6p,2[3/2]*,1
Ag,2,Ag II,840.38338,840.38338,840.38336,air,5000.0,5000,47000000.0,C,120533.6058,132429.668,4d9.(2D<5/2>).6s,2[5/2],3,4d9.(2D<5/2>).6p,2[7/2]*,4
Ag,2,Ag II,843.15,843.15,843.12,air,270.0,270,24000000.0,C,137225.409,149082.86,4d9.(2D<3/2>).6p,2[3/2]*,1,4d9.(2D<3/2>).7s,2[3/2],1
Ag,2,Ag II,849.2643,849.2643,849.2661,air,2600.0,2600,43000000.0,C,125404.8818,137176.52,4d9.(2D<3/2>).6s,2[3/2],2,4d9.(2D<3/2>).6p,2[5/2]*,3
Ag,2,Ag II,854.0184,854.0184,854.0196,air,390.0,390,1400000.0,D+,125126.4097,136832.527,4d9.(2D<3/2>).6s,2[3/2],1,4d9.(2D<3/2>).6p,2[1/2]*,1
Ag,2,Ag II,854.1,854.1,854.187,air,220.0,220,25000000.0,C,132920.339,144624.16,4d9.(2D<5/2>).6p,2[5/2]*,2,4d9.(2D<5/2>).7s,2[5/2],2
Ag,2,Ag II,870.539,870.539,870.539,air,1600.0,1600,11700000.0,C,120533.6058,132017.588,4d9.(2D<5/2>).6s,2[5/2],3,4d9.(2D<5/2>).6p,2[7/2]*,3
Ag,2,Ag II,872.59,872.59,872.637,air,260.0,260,18000000.0,C,133022.073,144478.44,4d9.(2D<5/2>).6p,2[5/2]*,3,4d9.(2D<5/2>).7s,2[5/2],3
Ag,2,Ag II,874.8317,874.8317,874.8307,air,2800.0,2800,43000000.0,C,125404.8818,136832.527,4d9.(2D<3/2>).6s,2[3/2],2,4d9.(2D<3/2>).6p,2[1/2]*,1
Ag,2,Ag II,877.5316,877.5316,877.5306,air,1300.0,1300,30000000.0,C,125126.4097,136518.895,4d9.(2D<3/2>).6s,2[3/2],1,4d9.(2D<3/2>).6p,2[5/2]*,2
Ag,2,Ag II,899.5174,899.5174,899.5181,air,550.0,550,11000000.0,C,125404.8818,136518.895,4d9.(2D<3/2>).6s,2[3/2],2,4d9.(2D<3/2>).6p,2[5/2]*,2
Ag,2,Ag II,900.1362,900.1362,900.136,air,2900.0,2900,29000000.0,C,120911.2048,132017.588,4d9.(2D<5/2>).6s,2[5/2],2,4d9.(2D<5/2>).6p,2[7/2]*,3
Ag,2,Ag II,905.2697,905.2697,905.2696,air,1400.0,1400i,41000000.0,C,125126.4097,136169.811?,4d9.(2D<3/2>).6s,2[3/2],1,4d9.(2D<3/2>).6p,2[1/2]*,0
